rr=[94 85 83 85 92 85 90 94 87 86 82 88 86 82 82 81 91 99 83 98 89 87 99 83 91];
oo=[76 53 79 69 79 52 76 75 75 64 62 79 80 76 53 64 72 77 44 71 68 35 73 66 80];

rrr=[48 64 53 57 62 64 38 46 57 68 60];
ooo=[96 84 81 80 87 88 83 86 82 85 86];