% The most best and invincible colormap curtesy of giorae. Maximal color
% seperation.
maxcolormap = [0 0 0.5156;0 0 0.5329;0 0 0.5502;0 0 0.5675;0 0 0.5848;0 0 0.6021;0 0 0.6194;0 0 0.6367;0 0 0.654;0 0 0.6713;0 0 0.6886;0 0 0.7059;0 0 0.7232;0 0 0.7405;0 0 0.7578;0 0 0.7751;0 0 0.7924;0 0 0.8097;0 0 0.827;0 0 0.8443;0 0 0.8616;0 0 0.8789;0 0 0.8962;0 0 0.9135;0 0 0.9308;0 0 0.9481;0 0 0.9654;0 0 0.9827;0 0 1;0 0.02857 1;0 0.05714 1;0 0.08571 1;0 0.1143 1;0 0.1429 1;0 0.1714 1;0 0.2 1;0 0.2286 1;0 0.2571 1;0 0.2857 1;0 0.3143 1;0 0.3429 1;0 0.3714 1;0 0.4 1;0 0.4286 1;0 0.4571 1;0 0.4857 1;0 0.5143 1;0 0.5429 1;0 0.5714 1;0 0.6 1;0 0.6286 1;0 0.6571 1;0 0.6857 1;0 0.7143 1;0 0.7429 1;0 0.7714 1;0 0.8 1;0 0.8286 1;0 0.8571 1;0 0.8857 1;0 0.9143 1;0 0.9429 1;0 0.9714 1;0 1 1;0.01639 1 0.9836;0.03279 1 0.9672;0.04918 1 0.9508;0.06557 1 0.9344;0.08197 1 0.918;0.09836 1 0.9016;0.1148 1 0.8852;0.1311 1 0.8689;0.1475 1 0.8525;0.1639 1 0.8361;0.1803 1 0.8197;0.1967 1 0.8033;0.2131 1 0.7869;0.2295 1 0.7705;0.2459 1 0.7541;0.2623 1 0.7377;0.2787 1 0.7213;0.2951 1 0.7049;0.3115 1 0.6885;0.3279 1 0.6721;0.3443 1 0.6557;0.3607 1 0.6393;0.377 1 0.623;0.3934 1 0.6066;0.4098 1 0.5902;0.4262 1 0.5738;0.4426 1 0.5574;0.459 1 0.541;0.4754 1 0.5246;0.4918 1 0.5082;0.5082 1 0.4918;0.5246 1 0.4754;0.541 1 0.459;0.5574 1 0.4426;0.5738 1 0.4262;0.5902 1 0.4098;0.6066 1 0.3934;0.623 1 0.377;0.6393 1 0.3607;0.6557 1 0.3443;0.6721 1 0.3279;0.6885 1 0.3115;0.7049 1 0.2951;0.7213 1 0.2787;0.7377 1 0.2623;0.7541 1 0.2459;0.7705 1 0.2295;0.7869 1 0.2131;0.8033 1 0.1967;0.8197 1 0.1803;0.8361 1 0.1639;0.8525 1 0.1475;0.8689 1 0.1311;0.8852 1 0.1148;0.9016 1 0.09836;0.918 1 0.08197;0.9344 1 0.06557;0.9508 1 0.04918;0.9672 1 0.03279;0.9836 1 0.01639;1 1 0;1 0.9839 0;1 0.9677 0;1 0.9516 0;1 0.9355 0;1 0.9194 0;1 0.9032 0;1 0.8871 0;1 0.871 0;1 0.8548 0;1 0.8387 0;1 0.8226 0;1 0.8065 0;1 0.7903 0;1 0.7742 0;1 0.7581 0;1 0.7419 0;1 0.7258 0;1 0.7097 0;1 0.6935 0;1 0.6774 0;1 0.6613 0;1 0.6452 0;1 0.629 0;1 0.6129 0;1 0.5968 0;1 0.5806 0;1 0.5645 0;1 0.5484 0;1 0.5323 0;1 0.5161 0;1 0.5 0;1 0.4839 0;1 0.4677 0;1 0.4516 0;1 0.4355 0;1 0.4194 0;1 0.4032 0;1 0.3871 0;1 0.371 0;1 0.3548 0;1 0.3387 0;1 0.3226 0;1 0.3065 0;1 0.2903 0;1 0.2742 0;1 0.2581 0;1 0.2419 0;1 0.2258 0;1 0.2097 0;1 0.1935 0;1 0.1774 0;1 0.1613 0;1 0.1452 0;1 0.129 0;1 0.1129 0;1 0.09677 0;1 0.08065 0;1 0.06452 0;1 0.04839 0;1 0.03226 0;1 0.01613 0;1 0 0;0.9997 0 0.02513;0.9993 0 0.05026;0.999 0 0.0754;0.9987 0 0.1005;0.9984 0 0.1257;0.998 0 0.1508;0.9977 0 0.1759;0.9974 0 0.2011;0.997 0 0.2262;0.9967 0 0.2513;0.9964 0 0.2765;0.996 0 0.3016;0.9957 0 0.3267;0.9954 0 0.3518;0.9951 0 0.377;0.9947 0 0.4021;0.9944 0 0.4272;0.9941 0 0.4524;0.9937 0 0.4775;0.9934 0 0.5026;0.9931 0 0.5278;0.9927 0 0.5529;0.9924 0 0.578;0.9921 0 0.6032;0.9918 0 0.6283;0.9914 0 0.6534;0.9911 0 0.6786;0.9908 0 0.7037;0.9904 0 0.7288;0.9901 0 0.754;0.9898 0 0.7791;0.9895 0 0.8042;0.9891 0 0.8294;0.9888 0 0.8545;0.9885 0 0.8796;0.9881 0 0.9048;0.9878 0 0.9299;0.9882 0.02748 0.9309;0.9886 0.05495 0.9319;0.9889 0.08243 0.9329;0.9893 0.1099 0.9339;0.9897 0.1374 0.9349;0.9901 0.1649 0.9359;0.9905 0.1923 0.9369;0.9909 0.2198 0.9379;0.9912 0.2473 0.939;0.9916 0.2748 0.94;0.992 0.3022 0.941;0.9924 0.3297 0.942;0.9928 0.3572 0.943;0.9931 0.3847 0.944;0.9935 0.4121 0.945;0.9939 0.4396 0.946;0.9943 0.4671 0.947;0.9947 0.4946 0.948;0.995 0.522 0.949;0.9954 0.5495 0.95;0.9958 0.577 0.951;0.9962 0.6045 0.952;0.9966 0.6319 0.9531;0.997 0.6594 0.9541;0.9973 0.6869 0.9551;0.9977 0.7144 0.9561;0.9981 0.7418 0.9571;0.9985 0.7693 0.9581;0.9989 0.7968 0.9591;0.9992 0.8243 0.9601;0.9996 0.8517 0.9611;1 0.8792 0.9621];
