%% list of cf & ncf clusters 

cflist=[104 105 107 3 6 7 10 14;4 5 7 8 10 11 13 15];
ncflist=[101 102 103 106 5 9 11 24;1 2 3 6 9 12 14 16];
