scl=[22,92,44,98,62,32,50,56,68,34,94,62,...
104,104,38,48,74,98,46,94,94,82,82,60,88,94,82,88,94,54,76,72,42,98,78,62,32,104,...
88,60,98,94,104,38,82,98,78,88,88,...
78,88,78,78,40,66,92,72,32,72,68,78,64,66,20];

scn=[62,94,88,78,66,98,92,...
76,34,82,52,46,76,72,78,48,58,84,78,48,88,62,78,78,68,76,...
88,44,66,32,94,82,78,104,94,76,84,50,62,66,66,56,84,78,...
104,78,48,82,82,94,44,78,34,58,68,60,94,54,64,82,26,82,...
68,68,66,56,78,54,82,60,88,66,82,50,38,46,92,78,76,12,104,78,66];

scr=[50.00,94.00,34.00,98.00,72.00,44.00,88.00,40.00,72.00,78.00,92.00,84.00,16.00,...
98.00,84.00,78.00,72.00,16.00,94.00,46.00,82.00,104.00,70.00,94.00,78.00,76.00,...
28.00,88.00,104.00,48.00,16.00,26.00,50.00,68.00,62.00,28.00,24.00,94.00,56.00,...
26.00,60.00,94.00,44.00,58.00,88.00,88.00,88.00,76.00,74.00,76.00,94.00,60.00,...
86.00,82.00,68.00,68.00,28.00,60.00,82.00,72.00,104.00,84.00,88.00,104.00,22.00,...
78.00,88.00,98.00,92.00,54.00,76.00,72.00,74.00,104.00,66.00,104.00,104.00,78.00,...
82.00,82.00,40.00,104.00,42.00,56.00,62.00,24.00,94.00,84.00,98.00,72.00,64.00,...
76.00,78.00,94.00,44.00,44.00,92.00,88.00,94.00,50.00,60.00,38.00,78.00,46.00,...
84.00,50.00,104.00,94.00,66.00,6.00,32.00,18.00,78.00,104.00,94.00,88.00,104.00,...
98.00,38.00,104.00,88.00,38.00,58.00,50.00,78.00,88.00,64.00,104.00,98.00,94.00,...
62.00,66.00,38.00,82.00,94.00,68.00,50.00,38.00,82.00,40.00,50.00,50.00,52.00,...
84.00,94.00,104.00,98.00,72.00,50.00,56.00,32.00,34.00,104.00,88.00,52.00,...
48.00,84.00,60.00,94.00,52.00,104.00,38.00,88.00,94.00,88.00,28.00,40.00,...
78.00,50.00,74.00,78.00,32.00,38.00,98.00,104.00,82.00,34.00,88.00,104.00,...
12.00,44.00,94.00,72.00,104.00,94.00,98.00,62.00,104.00,58.00,26.00,88.00,...
56.00,62.00,92.00,104.00,12.00,84.00,56.00,98.00,104.00,78.00,104.00,78.00,...
18.00,78.00,50.00,78.00,78.00,76.00,70.00,76.00,36.00,94.00,82.00,78.00,84.00,...
78.00,88.00,60.00,92.00,94.00,40.00,50.00,18.00,38.00,66.00,104.00,104.00,94.00,...
22.00,92.00,32.00,92.00,32.00,44.00,50.00,54.00,68.00,32.00,22.00,92.00,88.00,48.00,...
72.00,98.00,48.00,22.00,44.00,98.00,46.00,78.00,50.00,66.00,36.00,82.00,88.00,...
104.00,42.00,36.00,82.00,82.00,98.00,76.00,88.00,104.00,22.00,84.00,62.00,...
26.00,28.00,6.00,94.00,104.00,66.00,50.00,66.00,70.00,44.00,44.00,88.00,26.00];
