% xy - 1   yz - 2  zx - 3 
cfList(1).cluster='cl101';
cfList(1).cf1=[];
cfList(1).cf1Prj=[];
cfList(1).cf2=[0.11 0.28;0.25 0.25];
cfList(1).cf2Prj=[2;2];

cfList(2).cluster='cl102';
cfList(2).cf1=[0.4 -0.4];
cfList(2).cf1Prj=1;


cfList(3).cluster='cl103';
cfList(3).cf1=[0.2 0.4;-0.6 -0.6;-0.5 -0.5];
cfList(3).cf1Prj=[2;2;3];

cfList(3).cf2=[0.2 0.2;0.64 -0.17];
cfList(3).cf2Prj=[1;3];

cfList(4).cluster='cl104';
cfList(4).cf1=[-1.25 0.98;1.325,-1.09 ;-0.07 -1.47 ];
cfList(4).cf1Prj=[1;2;3 ];

cfList(4).cf2=[0.02,0.26;0.06,-0.25];
cfList(4).cf2Prj=[3;3];

cfList(5).cluster='cl105';
cfList(5).cf1=[-1.4,-1.01;-0.01,0.34];
cfList(5).cf1Prj=[1;1];

cfList(5).cf2=[0.657,-0.55;-0.18,0.33;0.03,0.33];
cfList(5).cf2Prj=[2;2;3];

cfList(6).cluster='cl106';
cfList(6).cf1=[0.019 -0.74;0.57 -0.98; 0.33,-0.23];
cfList(6).cf1Prj=[1;3;3];
cfList(6).cf2=[-0.67,-0.87];
cfList(6).cf2Prj=2;


cfList(7).cluster='cl107';
cfList(7).cf1=[ -0.25  0.5; -0.1,0.75;0.1,0.75; -0.02 0.8733;0.5829 -0.33 ]; 
cfList(7).cf1Prj=[1;1;1;2;3];
cfList(7).cf2=[-0.375,-0.5];
cfList(7).cf2Prj=[1] ;

cfList(8).cluster='cl3';
cfList(8).cf1=[1.1,0.22 ]; 
cfList(8).cf1Prj=1 ;
cfList(8).cf2=[ 1.2,-0.3 ; 0.95, -0.22];
cfList(8).cf2Prj=[ 3;3];

cfList(9).cluster='cl5';
cfList(9).cf1=[0.44,1.264; -0.89,1.15  ;-0.12 0.65   ;0.49,0.76 ; 1.264,-1.649;-0.85,-1.4];
cfList(9).cf1Prj=[1 ; 1; 3 ; 2 ; 3;3];
cfList(9).cf2=[0.22,-0.67 ; -0.45,-0.06 ;0.67,1.13 ];
cfList(9).cf2Prj=[1 ; 2 ; 2];

cfList(10).cluster='cl6';
cfList(10).cf1=[0,0.1475; -0.12,0.185;0.01,0.83; -0.725,0.804; 0.42,-0.33 ];
cfList(10).cf1Prj=[1 ;2; 2; 3; 3];

cfList(10).cf2=[-0.749,-0.7255; -0.31,0.68 ;0.07,-0.25];
cfList(10).cf2Prj=[1;2;2];

cfList(11).cluster='cl7';
cfList(11).cf1=[-0.7,-0.48; 1.284,-0.8062; 0.05,-1.48];
cfList(11).cf1Prj=[1;2;3];
cfList(11).cf2=[-0.25,0.09; -0.22,-0.17 ; -0.367,0.6013 ;-0.22 0.16 ];
cfList(11).cf2Prj=[1;1;2;3];

cfList(12).cluster='cl9';
cfList(12).cf1=[ -0,-0.8 ;0.9,1.328];
cfList(12).cf1Prj=[1;3];
cfList(12).cf2=[-0.04,0.143 ; 0.01,1.578 ; -0.54, 0.06 ; -0.34,-0.17; 0.06,0.27 ];
cfList(12).cf2Prj=[1;2;2; 2; 2];

cfList(13).cluster='cl10';
cfList(13).cf1=[ -0.23,0.623;-0.5686,-0.388;-0.15,0.396;0.84,-1.471];
cfList(13).cf1Prj=[1;2;2;3];
cfList(13).cf2=[ -0.69 1.137;1.48,0.429];
cfList(13).cf2Prj=[1;3];

cfList(14).cluster='cl11';
cfList(14).cf1=[ -0.934,0.169; 0,0.063;0.3095,1.381 ];
cfList(14).cf1Prj=[1;1;2];

cfList(14).cf2=[-1.47,-1; 0.02,-1.52 ; 1.282,0.901;-0.95,0.024;-0.09,-0.23];
cfList(14).cf2Prj=[2; 3; 3; 3;3];

cfList(15).cluster='cl14';
cfList(15).cf1=[ 0.07 -0.81;-0.22,0.091;1.045,-1.684; -0.77,-1.278;-0.04 1.266];
cfList(15).cf1Prj=[1; 1; 2 ;3;3];

		    cfList(15).cf2=[ -0.7,1.09; 0.02,-0.4361; 0.626,1.68];
		    cfList(15).cf2Prj=[1 ; 3 ;3];
